Матрица 0:
[[ 86  41  54]
 [ 91  66  57]
 [167  97 102]]

Матрица 1:
[[ 10  28  32]
 [ 26  69  72]
 [ 44 121 140]]

Матрица 2:
[[ 70  86  70]
 [ 72  82  58]
 [101  76  40]]

Матрица 3:
[[ 67  72  62]
 [ 28  72  68]
 [ 91 132 116]]

Матрица 4:
[[ 80 118  85]
 [ 44  36  89]
 [ 69 141  89]]

Матрица 5:
[[31 54 39]
 [40 85 73]
 [22 48 62]]

Матрица 6:
[[22 30 18]
 [82 66 60]
 [30 65 25]]

Матрица 7:
[[54 49 42]
 [69 34 45]
 [70 71 50]]

Матрица 8:
[[ 58  63  98]
 [ 55  42  83]
 [ 84  82 142]]

Матрица 9:
[[ 58  39  67]
 [108  84 120]
 [112  81 122]]

Матрица 10:
[[93 70 61]
 [36 28 24]
 [65 52 45]]

Матрица 11:
[[ 92  89  54]
 [103  89  70]
 [ 29  25  12]]

Матрица 12:
[[36 34 20]
 [78 83 55]
 [32 54 36]]

Матрица 13:
[[ 95 113  50]
 [ 34  44  44]
 [ 85  93  56]]

Матрица 14:
[[104  95 121]
 [108  87 137]
 [112  98 130]]

Матрица 18:
[[95 98 42]
 [87 84 42]
 [87 97 26]]

Матрица 16:
[[117  94  84]
 [112  68  87]
 [149 118 105]]

Матрица 20:
[[38 42 46]
 [42 46 49]
 [72 90 97]]

Матрица 21:
[[63 74 90]
 [66 85 83]
 [29 22 35]]

Матрица 19:
[[ 64  51 113]
 [ 69  56 122]
 [ 39  50  68]]

Матрица 23:
[[ 74  50 149]
 [ 57  44 109]
 [ 67  47 132]]

Матрица 24:
[[ 38  19  21]
 [ 88  73  60]
 [129  78  89]]

Матрица 22:
[[ 30  60  75]
 [ 21  75  91]
 [ 56 104 108]]

Матрица 17:
[[ 30  61  19]
 [ 50 113  43]
 [ 16  63  25]]

Матрица 27:
[[78 30 37]
 [58 32 27]
 [43 21 23]]

Матрица 25:
[[ 54  56  92]
 [ 82  39  53]
 [ 90  46 102]]

Матрица 26:
[[ 48  54  56]
 [ 29  29  34]
 [110  95 128]]

Матрица 30:
[[ 70  63  66]
 [ 86 142  90]
 [ 61 161  95]]

Матрица 28:
[[ 57  85  35]
 [ 16  25  14]
 [ 82 110  76]]

Матрица 29:
[[ 73  12  55]
 [125  32  96]
 [ 79  19  69]]

Матрица 33:
[[ 56 147 168]
 [ 30  80  98]
 [ 28  69  86]]

Матрица 31:
[[ 27 124  78]
 [ 42 175 132]
 [ 41 121 106]]

Матрица 32:
[[56 56 50]
 [45 41 58]
 [53 75 51]]

Матрица 15:
[[ 54  48  78]
 [111  69 140]
 [ 89  66 117]]

Матрица 34:
[[ 59  37  74]
 [106  34 102]
 [ 68  28  72]]

Матрица 35:
[[120  88 106]
 [ 99  79  82]
 [111  95  81]]

Матрица 36:
[[ 79  35  56]
 [159  78 126]
 [ 96  71  84]]

Матрица 40:
[[ 40  35 106]
 [ 20  20 106]
 [ 45  32  85]]

Матрица 38:
[[ 74  50  32]
 [ 88  50  55]
 [102  40  67]]

Матрица 39:
[[118 169  78]
 [ 38  95  30]
 [125 177  83]]

Матрица 37:
[[ 42 110 115]
 [ 81 131 124]
 [ 75 113 112]]

Матрица 41:
[[39 97 20]
 [28 74 15]
 [41 73 15]]

Матрица 42:
[[ 90 133 141]
 [ 65  96  94]
 [ 50  76  76]]

Матрица 43:
[[ 41  16  48]
 [ 31  11  36]
 [ 75  34 104]]

Матрица 47:
[[131 122 126]
 [108 113 123]
 [131 101 119]]

Матрица 45:
[[ 71  71  72]
 [ 97  84  44]
 [104  88  56]]

Матрица 46:
[[38 46 43]
 [56 56 51]
 [70 83 71]]

Матрица 50:
[[ 54  29  35]
 [ 57  30  44]
 [111  62  78]]

Матрица 48:
[[137  73  98]
 [ 84  54  90]
 [140  91 119]]

Матрица 49:
[[39 39 82]
 [77 51 72]
 [49 16 77]]

Матрица 53:
[[114  93  86]
 [ 93  72  70]
 [ 99  72  58]]

Матрица 51:
[[93 33 28]
 [60 34 25]
 [41 20 21]]

Матрица 52:
[[83 44 59]
 [81 33 48]
 [83 27 52]]

Матрица 56:
[[120 136 136]
 [ 84 116 116]
 [ 55  82  82]]

Матрица 54:
[[ 49  37  84]
 [ 78  53  84]
 [102  57 126]]

Матрица 55:
[[162 123 117]
 [144 107 105]
 [135 110  96]]

Матрица 59:
[[ 86  25  47]
 [114  41  49]
 [ 87  29  48]]

Матрица 57:
[[ 65 101  86]
 [ 26  36  39]
 [ 60  90  91]]

Матрица 58:
[[ 80  72  77]
 [ 76  74  93]
 [126  83 119]]

Матрица 44:
[[103  46  78]
 [135  95 141]
 [ 85  65  65]]

Матрица 60:
[[54 69 78]
 [63 47 77]
 [42 41 74]]

Матрица 61:
[[ 29  78  92]
 [ 35 100 112]
 [ 22  60  64]]

Матрица 62:
[[80 73 83]
 [62 59 76]
 [73 72 90]]

Матрица 63:
[[ 59 112  61]
 [ 55  99  65]
 [ 35  87  63]]

Матрица 64:
[[ 24  27  19]
 [ 90 105  73]
 [117 121  93]]

Матрица 65:
[[58 63 36]
 [68 48 66]
 [56 33 64]]

Матрица 66:
[[ 64  39  64]
 [114  64 116]
 [ 92  37  91]]

Матрица 70:
[[ 35  51  62]
 [ 75 103 114]
 [ 21  51  58]]

Матрица 68:
[[ 67  59  60]
 [ 60  67  66]
 [123 115 102]]

Матрица 69:
[[14 19 23]
 [36 41 46]
 [68 57 63]]

Матрица 73:
[[ 49  72  86]
 [ 20  95 109]
 [ 46 103 113]]

Матрица 71:
[[122 123  78]
 [ 81  70  50]
 [ 63  73  40]]

Матрица 72:
[[78 71 52]
 [36 22 20]
 [98 56 53]]

Матрица 67:
[[ 32  32  43]
 [ 54 100  71]
 [ 52  61  68]]

Матрица 74:
[[176 149 120]
 [ 84  71  57]
 [ 91  77  60]]

Матрица 78:
[[70 78 69]
 [48 40 48]
 [44 50 40]]

Матрица 76:
[[57 61 37]
 [56 65 92]
 [54 41 86]]

Матрица 80:
[[84 62 30]
 [98 74 50]
 [91 35 79]]

Матрица 75:
[[ 43  73  84]
 [105 130 160]
 [ 70  77 109]]

Матрица 79:
[[ 42  71 133]
 [ 50  50 106]
 [ 57  85 169]]

Матрица 83:
[[ 92  57  85]
 [ 98  65  87]
 [130 101 126]]

Матрица 81:
[[ 46  31  78]
 [ 91  59 147]
 [ 32  21  64]]

Матрица 82:
[[113  94  97]
 [ 79  74  67]
 [131  86 111]]

Матрица 86:
[[22 49 57]
 [30 60 78]
 [26 50 60]]

Матрица 84:
[[ 48  63 131]
 [ 28  37  68]
 [ 33  59  67]]

Матрица 85:
[[ 48 117 104]
 [ 37  74  47]
 [ 65 142 119]]

Матрица 89:
[[ 55  72 102]
 [ 60  72  91]
 [ 39  51  64]]

Матрица 90:
[[82 82 86]
 [70 62 77]
 [86 96 83]]

Матрица 91:
[[ 76 126  57]
 [ 60 101  48]
 [ 18  39  18]]

Матрица 77:
[[101  91  90]
 [ 90  80  80]
 [ 55  55  50]]

Матрица 87:
[[106 128  82]
 [141 140  42]
 [ 95 114  72]]

Матрица 94:
[[ 86 101  71]
 [ 19  16  16]
 [ 34  25  31]]

Матрица 92:
[[ 30  67  61]
 [ 93  66  83]
 [117 134 112]]

Матрица 93:
[[59 30 79]
 [38 38 80]
 [84 54 98]]

Матрица 88:
[[58 78 52]
 [40 66 46]
 [37 47 29]]

Матрица 95:
[[99 44 94]
 [74 45 61]
 [89 59 59]]

Матрица 99:
[[113 106 110]
 [ 87  79  80]
 [ 70  57  60]]

Матрица 97:
[[109  77 155]
 [136 127 180]
 [ 55  33  73]]

Матрица 98:
[[ 92  96  52]
 [ 72  88  30]
 [108 144  49]]

Матрица 100:
[[ 85  57 104]
 [ 97  64 101]
 [ 49  18  43]]

Матрица 96:
[[61 39 44]
 [28 67 53]
 [55 25 48]]

Матрица 101:
[[183 109  80]
 [143  74  70]
 [ 84  55  37]]

Матрица 102:
[[105  98  34]
 [168 136 116]
 [120 110  50]]

Матрица 103:
[[ 12  76  39]
 [ 20  50  75]
 [ 31  83 117]]

Матрица 104:
[[ 81  21  49]
 [118  38  59]
 [155  45 105]]

Матрица 105:
[[50 57 93]
 [34 53 58]
 [44 34 65]]

Матрица 106:
[[108 112  78]
 [ 31  46  21]
 [ 67  68  48]]

Матрица 107:
[[ 10  24  37]
 [ 14  19  84]
 [ 42  63 124]]

Матрица 108:
[[ 18  42  74]
 [ 19  51 101]
 [ 24  46  76]]

Матрица 109:
[[61 88 61]
 [27 20 35]
 [73 88 78]]

Матрица 110:
[[122  60  91]
 [ 29  21  33]
 [ 83  45  64]]

Матрица 111:
[[ 72 106 139]
 [ 64  78 107]
 [ 25  46  62]]

Матрица 112:
[[130  75  57]
 [ 61  33  33]
 [112  76  52]]

Матрица 113:
[[ 75  71  59]
 [141 108 129]
 [124 105 104]]

Матрица 114:
[[ 49  57 139]
 [ 28  34 106]
 [ 42  47  94]]

Матрица 115:
[[ 43  38  49]
 [ 18  63  19]
 [ 44 100  46]]

Матрица 116:
[[ 45  16  68]
 [ 46  42  98]
 [ 85  52 153]]

Матрица 117:
[[ 30 121  68]
 [ 29  84  65]
 [ 44 134 102]]

Матрица 118:
[[ 48  58  70]
 [ 81  81 113]
 [ 67  75  95]]

Матрица 119:
[[ 70  64 104]
 [ 57  66  98]
 [102 108 132]]

Матрица 120:
[[104 101  59]
 [ 40  37  21]
 [115  79  59]]

Матрица 121:
[[ 30  35  44]
 [ 48  51  80]
 [ 91 111 131]]

Матрица 122:
[[48 56 24]
 [26 29 13]
 [36 40 16]]

Матрица 123:
[[ 51 150 117]
 [ 51  95 103]
 [ 46  81  96]]

Матрица 124:
[[ 85 115 119]
 [ 57  99  57]
 [ 49  50  81]]

Матрица 125:
[[37 62 81]
 [60 85 86]
 [48 57 63]]

Матрица 126:
[[120  92 135]
 [ 94  61 106]
 [108 102 120]]

Матрица 127:
[[ 55  59 102]
 [ 60  67  99]
 [ 60  66 115]]

Матрица 128:
[[96 53 69]
 [73 30 45]
 [48 46 48]]

Матрица 129:
[[ 53  65  94]
 [ 64  92 100]
 [ 72 100 116]]

Матрица 130:
[[ 34  51  29]
 [ 97 117  86]
 [149 167 124]]

Матрица 131:
[[ 25  61  64]
 [ 47 109 114]
 [ 18  50  46]]

Матрица 132:
[[118  53  70]
 [ 48  28  40]
 [100  50  70]]

Матрица 133:
[[103  66  58]
 [118  71  65]
 [ 86  52  48]]

Матрица 134:
[[ 99  53 104]
 [119  59 116]
 [ 38  28  58]]

Матрица 135:
[[119  98 116]
 [ 36  17  26]
 [ 96  92 107]]

Матрица 136:
[[ 43 111 104]
 [ 21  50  41]
 [ 39 110 107]]

Матрица 137:
[[ 93 118 110]
 [ 18  31  44]
 [ 53  78  57]]

Матрица 138:
[[ 99  72  52]
 [ 97  85  97]
 [113  91  75]]

Матрица 139:
[[96 60 66]
 [30 16 14]
 [90 57 63]]

Матрица 140:
[[60 74 76]
 [77 92 87]
 [61 70 58]]

Матрица 141:
[[53 27 42]
 [25 15 30]
 [86 34 44]]

Матрица 142:
[[73 38 59]
 [49 35 45]
 [98 70 90]]

Матрица 143:
[[ 70 108  41]
 [ 83 121  43]
 [ 57  96  40]]

Матрица 144:
[[139 134 145]
 [ 80  83  85]
 [162 125 140]]

Матрица 145:
[[ 40 112  84]
 [ 69 108 105]
 [ 55 136  84]]

Матрица 146:
[[50 32 29]
 [77 59 56]
 [40 28 28]]

Матрица 147:
[[106  93  90]
 [ 96 122  66]
 [ 70  83  48]]

Матрица 148:
[[121  82  92]
 [ 71  46  60]
 [140  94 132]]

Матрица 149:
[[ 66  47  45]
 [ 57  34  39]
 [190 120 129]]

Матрица 150:
[[124  43 123]
 [122  39 109]
 [133  56 147]]

Матрица 151:
[[60 57 70]
 [44 41 50]
 [33 35 38]]

Матрица 152:
[[111 101  97]
 [ 72  74  82]
 [108  99  75]]

Матрица 153:
[[ 93 109  87]
 [ 62  92  69]
 [ 99 105 116]]

Матрица 154:
[[ 42  36  85]
 [104  70 124]
 [ 68  49  65]]

Матрица 155:
[[82 62 76]
 [67 61 66]
 [49 29 30]]

Матрица 156:
[[ 46  59 101]
 [ 59  56 117]
 [ 38  49  82]]

Матрица 157:
[[59 33 39]
 [61 39 53]
 [38 36 63]]

Матрица 158:
[[76 51 65]
 [51 36 69]
 [98 73 87]]

Матрица 159:
[[56 96 67]
 [24 34 43]
 [46 56 98]]

Матрица 160:
[[108  73  78]
 [102  70  70]
 [135  45  59]]

Матрица 161:
[[ 51 126  83]
 [ 38  83  56]
 [ 37  92  59]]

Матрица 162:
[[ 54  28  50]
 [ 64  30  57]
 [112  91  66]]

Матрица 163:
[[34 67 37]
 [26 56 29]
 [19 47 23]]

Матрица 164:
[[ 83 109 115]
 [ 53  85  86]
 [ 86 106 134]]

Матрица 165:
[[123 136 135]
 [132 116 119]
 [ 57 103 105]]

Матрица 166:
[[ 56  67  65]
 [ 54  62  60]
 [104 104  88]]

Матрица 167:
[[68 70 42]
 [86 91 61]
 [94 95 71]]

Матрица 168:
[[ 68  43  78]
 [ 47  40  42]
 [108  96  93]]

Матрица 169:
[[ 43  23  58]
 [ 42  24  74]
 [ 64  38 110]]

Матрица 170:
[[148 109  76]
 [ 91  74  78]
 [ 72  47  25]]

Матрица 171:
[[ 58  64  59]
 [ 70  82  74]
 [ 86 103  94]]

Матрица 172:
[[ 78  56  45]
 [126  96  80]
 [ 88  60  40]]

Матрица 173:
[[142 136 130]
 [ 86  92  66]
 [134 134 138]]

Матрица 174:
[[ 32  67  28]
 [ 17  42  18]
 [ 48 139  52]]

Матрица 175:
[[ 59  55  35]
 [112  97  94]
 [ 38  32  34]]

Матрица 176:
[[ 44  27  17]
 [ 44  19  19]
 [138 108  75]]

Матрица 177:
[[ 84 112  59]
 [ 68  72  59]
 [ 36  40  35]]

Матрица 178:
[[ 29  93  73]
 [ 34  90  79]
 [ 74 106 110]]

Матрица 179:
[[105  62  89]
 [105  53 101]
 [ 35  16  27]]

Матрица 180:
[[56 72 78]
 [90 33 74]
 [62 25 53]]

Матрица 181:
[[ 14  20   9]
 [ 64  75  49]
 [ 98 120  65]]

Матрица 182:
[[102  92  79]
 [127 112  96]
 [104 109  64]]

Матрица 183:
[[ 84 116  58]
 [ 57  95  46]
 [ 70 108  68]]

Матрица 184:
[[111  92  54]
 [ 42  38  24]
 [ 71  60  30]]

Матрица 185:
[[ 56 110  63]
 [ 59 108  90]
 [ 58 130  89]]

Матрица 186:
[[98 73 78]
 [34 23 49]
 [44 28 54]]

Матрица 187:
[[ 63  82  96]
 [125 162 164]
 [ 52  67  55]]

Матрица 188:
[[ 93  54  40]
 [ 80  27  61]
 [113  46  70]]

Матрица 189:
[[29 48 55]
 [45 80 97]
 [40 73 88]]

Матрица 190:
[[ 57  49  53]
 [ 74  76  80]
 [121 113 121]]

Матрица 191:
[[ 62 112  80]
 [ 71  95  95]
 [ 67  90 103]]

Матрица 192:
[[ 88  81  99]
 [123 137 190]
 [ 95 101 118]]

Матрица 193:
[[ 86  94 126]
 [ 94  99 131]
 [114 147 171]]

Матрица 194:
[[113  88 132]
 [ 86  63  93]
 [ 78  73  90]]

Матрица 195:
[[38 51 18]
 [34 93 99]
 [17 55 70]]

Матрица 196:
[[113 129  73]
 [ 82  90  47]
 [ 60  56  25]]

Матрица 197:
[[ 90  62  76]
 [ 67  52  59]
 [150  79 125]]

Матрица 198:
[[46 64 74]
 [14 20 22]
 [37 67 68]]

Матрица 199:
[[103  65  48]
 [ 82  54  59]
 [126  78  68]]

Матрица 200:
[[ 85 101 125]
 [ 88  99 121]
 [ 66  99 121]]

Матрица 201:
[[ 99  94 118]
 [ 68  55  62]
 [ 68  57  74]]

Матрица 202:
[[ 73  59  91]
 [ 85  71 115]
 [ 75  67  95]]

Матрица 203:
[[ 35 108  94]
 [ 36 122 107]
 [ 25  58  40]]

Матрица 204:
[[40 60 47]
 [59 69 67]
 [44 60 58]]

Матрица 205:
[[108  28  84]
 [122  32  96]
 [ 56  16  40]]

Матрица 206:
[[110  43 103]
 [ 53  67  63]
 [ 56  37  58]]

Матрица 207:
[[130  87  31]
 [ 88  25  18]
 [ 79  62  20]]

Матрица 208:
[[ 65  85  93]
 [ 38  98  73]
 [ 72 115 112]]

Матрица 209:
[[ 61  58  43]
 [ 86  48  67]
 [146 108 100]]

Матрица 210:
[[48 12 53]
 [40 12 67]
 [55 17 41]]

Матрица 211:
[[ 83  84 104]
 [ 62  72  78]
 [ 76  90  95]]

Матрица 212:
[[119 114  66]
 [ 80  65  42]
 [131 111  69]]

Матрица 213:
[[175 148  96]
 [ 91  79  54]
 [ 71  55  34]]

Матрица 214:
[[ 89 117 101]
 [ 40  76  40]
 [ 90  96  74]]

Матрица 215:
[[ 25  36  82]
 [ 68  54 106]
 [ 40  37  90]]

Матрица 216:
[[ 44  86  32]
 [ 59 109  79]
 [ 13  31  17]]

Матрица 217:
[[26 66 68]
 [27 82 71]
 [29 85 93]]

Матрица 218:
[[ 61  99  80]
 [ 68  72  82]
 [110 159 167]]

Матрица 219:
[[107 108  85]
 [ 91  83  31]
 [ 59  61  77]]

Матрица 220:
[[ 38  58  18]
 [ 63 145  33]
 [ 27  96  17]]

Матрица 221:
[[ 98 125  73]
 [113 119  59]
 [ 44  37  17]]

Матрица 222:
[[144  81 126]
 [ 31  14  34]
 [ 95  53  81]]

Матрица 223:
[[40 76 63]
 [46 50 62]
 [49 35 53]]

Матрица 224:
[[43 41 45]
 [40 28 61]
 [26 18 38]]

Матрица 225:
[[ 61 117 149]
 [ 14  44  71]
 [ 27  42  45]]

Матрица 229:
[[61 89 22]
 [62 82 29]
 [59 67 35]]

Матрица 227:
[[ 57  88  65]
 [ 98  73 112]
 [ 48  67  54]]

Матрица 228:
[[ 38  28  73]
 [ 47  51 115]
 [ 18  18  48]]

Матрица 226:
[[32 34 66]
 [44 37 99]
 [40 48 99]]

Матрица 230:
[[ 39  44  45]
 [ 87  70  89]
 [102  98 104]]

Матрица 231:
[[123  93  90]
 [ 83  41  48]
 [ 74  86  69]]

Матрица 232:
[[23 25 25]
 [80 80 88]
 [16 23 26]]

Матрица 233:
[[56 28 42]
 [83 60 95]
 [62 31 47]]

Матрица 234:
[[64 52 32]
 [26 21 35]
 [84 55 56]]

Матрица 235:
[[111  93  87]
 [ 56  53  47]
 [138 116  89]]

Матрица 236:
[[67 61 68]
 [48 47 51]
 [65 72 73]]

Матрица 237:
[[ 32  93  58]
 [ 42  72  70]
 [ 71 111  86]]

Матрица 238:
[[43 50 64]
 [80 55 93]
 [83 54 95]]

Матрица 239:
[[ 86  94 138]
 [ 60  61 101]
 [ 38  42  60]]

Матрица 240:
[[93 73 52]
 [78 88 37]
 [68 74 33]]

Матрица 241:
[[54 34 26]
 [86 56 35]
 [81 31 56]]

Матрица 242:
[[ 82  30  99]
 [ 54  20  65]
 [100  31 116]]

Матрица 243:
[[93 51 70]
 [95 57 82]
 [73 43 74]]

Матрица 244:
[[108  66  77]
 [ 91  52  64]
 [ 90  78  68]]

Матрица 245:
[[ 39  30  52]
 [ 89  79  87]
 [ 74  61 103]]

Матрица 246:
[[ 90 105 142]
 [ 93 117 162]
 [ 44  65  84]]

Матрица 247:
[[56 98 99]
 [32 68 54]
 [50 95 90]]

Матрица 248:
[[102  86  49]
 [184 161  94]
 [ 75  79  41]]

Матрица 249:
[[69 56 82]
 [72 81 75]
 [75 76 85]]

Матрица 250:
[[ 58  39  75]
 [ 67  71 112]
 [ 80  54 102]]

Матрица 251:
[[109  71  83]
 [149  35 119]
 [144  34 105]]

Матрица 252:
[[70 98 58]
 [51 89 61]
 [38 54 30]]

Матрица 253:
[[167 121  95]
 [ 81  41  49]
 [ 83  82  39]]

Матрица 254:
[[ 37  75  86]
 [ 62 133 149]
 [ 20  67  77]]

Матрица 255:
[[ 29  78 119]
 [ 30  45  66]
 [ 44  83 123]]

Матрица 256:
[[45 37 41]
 [48 29 35]
 [75 54 62]]

Матрица 257:
[[ 93 105  51]
 [ 77  73  38]
 [105 125  62]]

Матрица 258:
[[27 18 21]
 [47 40 47]
 [43 25 36]]

Матрица 259:
[[67 77 87]
 [31 67 60]
 [55 87 85]]

Матрица 260:
[[55 66 65]
 [48 98 91]
 [43 80 93]]

Матрица 261:
[[ 96  68 145]
 [112 116 173]
 [ 32  42  62]]

Матрица 262:
[[73 44 52]
 [61 51 53]
 [97 69 67]]

Матрица 263:
[[152 107  79]
 [ 68  55  24]
 [ 80  71  22]]

Матрица 264:
[[43 18 46]
 [57 59 90]
 [58 21 52]]

Матрица 265:
[[65 45 28]
 [85 77 30]
 [74 54 28]]

Матрица 266:
[[75 82 75]
 [53 46 25]
 [26 34 40]]

Матрица 267:
[[ 66  66 102]
 [ 51  77 100]
 [ 36  76  92]]

Матрица 268:
[[ 44  21  35]
 [111  87 128]
 [ 65  93 110]]

Матрица 269:
[[ 56  78  56]
 [ 40  65  39]
 [ 92 131  95]]

Матрица 270:
[[ 60 107  44]
 [ 20  79  18]
 [ 21  45  17]]

Матрица 271:
[[44 55 14]
 [83 70 43]
 [60 24 33]]

Матрица 272:
[[ 88  28  77]
 [ 53  21  85]
 [100  56 116]]

Матрица 273:
[[ 59 131 126]
 [100 164 156]
 [100 132 128]]

Матрица 274:
[[160  59 118]
 [172  73 114]
 [ 85  42  51]]

Матрица 275:
[[ 76  35  40]
 [127  83  96]
 [ 62  55  64]]

Матрица 276:
[[22 37 35]
 [38 69 67]
 [32 65 66]]

Матрица 277:
[[109 106  89]
 [ 62  68  58]
 [124 116 104]]

Матрица 278:
[[75 72 80]
 [70 39 67]
 [57 68 68]]

Матрица 279:
[[52 79 89]
 [30 52 62]
 [56 94 98]]

Матрица 280:
[[ 27  83  70]
 [ 68 106  81]
 [ 28  67  61]]

Матрица 281:
[[101  81  58]
 [ 88  84  44]
 [132 118  70]]

Матрица 282:
[[ 92  41  44]
 [ 96  45  60]
 [132  68  77]]

Матрица 283:
[[116  44  61]
 [106  40  59]
 [108  36  63]]

Матрица 284:
[[66 47 35]
 [86 30 72]
 [53 64 61]]

Матрица 285:
[[65 49 34]
 [28 25 30]
 [54 52 45]]

Матрица 286:
[[123  77  54]
 [108  68  49]
 [105  74  36]]

Матрица 287:
[[123  82  52]
 [105  70  52]
 [138  92  62]]

Матрица 288:
[[ 86  59 113]
 [ 80  67 102]
 [ 72  42 114]]

Матрица 292:
[[120  74 154]
 [ 46  25  63]
 [105  77 119]]

Матрица 290:
[[ 26  83  98]
 [ 17  54  76]
 [ 47 132 140]]

Матрица 291:
[[54 78 63]
 [40 94 60]
 [79 78 72]]

Матрица 295:
[[88 85 95]
 [38 51 71]
 [27 31 57]]

Матрица 293:
[[ 42  38  61]
 [ 84  66  90]
 [ 94 119  57]]

Матрица 297:
[[51 27 47]
 [69 49 51]
 [51 45 65]]

Матрица 289:
[[ 72  41  62]
 [109  50 101]
 [ 58  23  50]]

Матрица 296:
[[141  77 139]
 [106  82 119]
 [125  69 128]]

Матрица 294:
[[60 26 15]
 [56 38 18]
 [98 85 34]]

Матрица 298:
[[ 84  94  91]
 [ 96 114 102]
 [109 112  87]]

Матрица 299:
[[28 68 43]
 [40 65 53]
 [50 71 48]]

Матрица 300:
[[ 60 110 101]
 [ 23  52  57]
 [ 40  54  61]]

Матрица 301:
[[ 93 127  74]
 [ 52  66  55]
 [ 96 106  39]]

Матрица 302:
[[99 56 69]
 [77 51 54]
 [37 45 44]]

Матрица 306:
[[52 54 76]
 [61 45 92]
 [31 34 44]]

Матрица 307:
[[ 63  82 111]
 [ 80  94 128]
 [ 57  87 110]]

Матрица 305:
[[78 59 40]
 [23 36 31]
 [39 37 23]]

Матрица 309:
[[114 111  81]
 [122 114  94]
 [ 74  75  51]]

Матрица 310:
[[ 81  83 111]
 [ 87  99 123]
 [ 69  71  94]]

Матрица 308:
[[ 57  77  83]
 [ 93 117 129]
 [ 31  49  49]]

Матрица 312:
[[ 47  39  95]
 [ 75  45 117]
 [ 60  40 104]]

Матрица 304:
[[ 15  35  15]
 [ 77 123  59]
 [ 82 112  50]]

Матрица 311:
[[ 76  38  72]
 [ 76  68  87]
 [136  83  97]]

Матрица 303:
[[ 91 127  53]
 [ 60  90  40]
 [ 62  89  36]]

Матрица 313:
[[142  60 111]
 [102  38  82]
 [ 94  58  74]]

Матрица 314:
[[ 74  68  59]
 [ 70  67  57]
 [102  93  81]]

Матрица 315:
[[ 57  33  72]
 [ 70  46  80]
 [ 93  57 105]]

Матрица 316:
[[ 77 141  84]
 [ 75 132  75]
 [ 80 140  84]]

Матрица 317:
[[18 32 22]
 [88 70 48]
 [56 72 44]]

Матрица 318:
[[162 126 198]
 [ 42  26  51]
 [ 78  58 121]]

Матрица 319:
[[59 92 64]
 [36 54 42]
 [26 41 31]]

Матрица 320:
[[ 93  85  73]
 [129 122 104]
 [ 48  40  37]]

Матрица 321:
[[ 82  81 100]
 [ 72 117  87]
 [101 142 118]]

Матрица 322:
[[ 70  47 108]
 [ 50  37 102]
 [ 88  79 128]]

Матрица 323:
[[ 67 110  63]
 [ 35  60  35]
 [ 83 164  94]]

Матрица 324:
[[ 63  26  53]
 [ 83  34  89]
 [178  73 108]]

Матрица 325:
[[ 73  78  56]
 [ 75 140 108]
 [111 156 116]]

Матрица 326:
[[ 90  85 113]
 [ 62  66  91]
 [ 68  61  48]]

Матрица 327:
[[ 74  60  27]
 [ 32  20  31]
 [128 112 125]]

Матрица 328:
[[ 67  90  35]
 [ 53  72  30]
 [ 89 117  54]]

Матрица 329:
[[78 72 64]
 [89 68 63]
 [74 74 76]]

Матрица 330:
[[68 88 88]
 [43 44 53]
 [19 44 29]]

Матрица 331:
[[ 28 113  19]
 [ 27 116  19]
 [ 18  78  15]]

Матрица 332:
[[104  84  80]
 [103  65 119]
 [ 91  69  91]]

Матрица 333:
[[110  89 148]
 [134  92 178]
 [ 93  50 126]]

Матрица 334:
[[117  90 103]
 [111  93  76]
 [114 105  91]]

Матрица 335:
[[77 28 17]
 [69 43 35]
 [27 24 21]]

Матрица 336:
[[32 97 59]
 [25 70 35]
 [23 78 57]]

Матрица 337:
[[ 66  81  69]
 [ 78  95  57]
 [ 99 118  81]]

Матрица 338:
[[ 91 106 109]
 [ 92 108 108]
 [ 64  74  70]]

Матрица 339:
[[105 143 142]
 [ 46  72  54]
 [ 31  43  32]]

Матрица 340:
[[ 98  78  88]
 [ 71  72  82]
 [118 108 119]]

Матрица 341:
[[ 99 116 114]
 [ 42  58  54]
 [ 79  94  93]]

Матрица 342:
[[ 81  43  92]
 [103  51 116]
 [ 92  73  96]]

Матрица 343:
[[22 61 57]
 [32 89 87]
 [15 34 42]]

Матрица 344:
[[129  35  63]
 [ 66  18  26]
 [ 74  19  39]]

Матрица 345:
[[78 61 85]
 [52 54 65]
 [65 38 64]]

Матрица 346:
[[143 173  61]
 [109 125  39]
 [ 70  95  21]]

Матрица 347:
[[ 59  32  77]
 [ 73  41 101]
 [ 76  42 102]]

Матрица 348:
[[ 69  40  41]
 [ 87  67  55]
 [111  41  50]]

Матрица 349:
[[79 31 66]
 [95 38 74]
 [72 43 59]]

Матрица 350:
[[ 50  97  93]
 [ 98  99 125]
 [ 70  63  84]]

Матрица 351:
[[140  74 104]
 [ 76  71  68]
 [109 104  92]]

Матрица 352:
[[ 43  77  89]
 [ 54  32  51]
 [ 63  73 101]]

Матрица 353:
[[ 56  51  68]
 [ 36  35  42]
 [ 76  92 101]]

Матрица 354:
[[ 80  56  76]
 [120 102 128]
 [ 70  82  92]]

Матрица 355:
[[ 99 139  69]
 [121 152  52]
 [ 68 100  51]]

Матрица 356:
[[41 37 57]
 [82 67 97]
 [87 65 88]]

Матрица 357:
[[ 87  45 126]
 [ 79  35 122]
 [ 96  68 169]]

Матрица 358:
[[105  42  58]
 [ 93  38  73]
 [ 61  28  56]]

Матрица 359:
[[44 61 56]
 [69 99 91]
 [97 79 67]]

Матрица 360:
[[ 81  96 128]
 [ 48  51  87]
 [ 44  64  78]]

Матрица 361:
[[ 95 132 165]
 [ 75  83 119]
 [ 40  68  80]]

Матрица 362:
[[ 70  42  56]
 [ 81  90  67]
 [112 102  90]]

Матрица 363:
[[109 155 122]
 [ 54  72  60]
 [ 56  85  58]]

Матрица 364:
[[ 71 102  80]
 [ 60  76  48]
 [ 58 119  43]]

Матрица 365:
[[ 22  30  20]
 [ 29  45  16]
 [ 69 120  75]]

Матрица 366:
[[110 137  60]
 [137 149  62]
 [ 98 110  38]]

Матрица 367:
[[ 36  49  55]
 [ 73 115 104]
 [ 48  77  60]]

Матрица 368:
[[45 40 46]
 [71 82 90]
 [76 78 88]]

Матрица 369:
[[ 58  72  61]
 [113 106 104]
 [107  90  94]]

Матрица 370:
[[124 119  94]
 [118  88  68]
 [145 133 109]]

Матрица 371:
[[42 75 66]
 [80 99 98]
 [42 75 66]]

Матрица 372:
[[ 14  39  26]
 [ 60 153 114]
 [ 60 147  93]]

Матрица 373:
[[ 93  75  49]
 [113  78  62]
 [ 95  99  45]]

Матрица 374:
[[ 96  62  88]
 [ 67  56  81]
 [125  77  76]]

Матрица 375:
[[ 22  58  44]
 [ 32 113  91]
 [ 31  89  71]]

Матрица 376:
[[ 58 120 124]
 [ 51  92  93]
 [ 51 132 132]]

Матрица 377:
[[110 119  70]
 [102 106  63]
 [ 55  69  49]]

Матрица 378:
[[ 94 146  87]
 [139 191 102]
 [ 83 111  45]]

Матрица 379:
[[23 57 85]
 [23 80 41]
 [21 74 48]]

Матрица 380:
[[ 71 122  25]
 [ 33  36  59]
 [ 41  68  32]]

Матрица 381:
[[88 74 82]
 [78 90 60]
 [75 84 65]]

Матрица 382:
[[53 47 81]
 [83 42 72]
 [20 14 51]]

Матрица 383:
[[ 57  56  76]
 [ 32  47  50]
 [ 64  73 109]]

Матрица 384:
[[ 96  76  83]
 [110  86  73]
 [ 48  32  34]]

Матрица 385:
[[ 29  57  27]
 [ 59  95  50]
 [ 72 104  63]]

Матрица 386:
[[50 26 35]
 [28 18 22]
 [53 33 47]]

Матрица 387:
[[21 11 23]
 [76 40 76]
 [79 53 89]]

Матрица 388:
[[119  46 121]
 [ 55  46  93]
 [124  68 148]]

Матрица 389:
[[ 55  21  37]
 [141  75 108]
 [ 81  34  60]]

Матрица 390:
[[ 57  43  73]
 [ 82  62 110]
 [ 48  20  56]]

Матрица 391:
[[71 28 43]
 [68 30 36]
 [62 27 42]]

Матрица 392:
[[ 50  78  30]
 [113 140  58]
 [ 37  45  18]]

Матрица 393:
[[ 38  78 136]
 [ 17  30  81]
 [ 35  74 128]]

Матрица 394:
[[ 49  60  76]
 [105  90 113]
 [ 50  56  67]]

Матрица 395:
[[ 82  60 107]
 [ 84  71 132]
 [ 40  38  65]]

Матрица 396:
[[ 41  64  80]
 [ 37  73  90]
 [ 75 107 143]]

Матрица 397:
[[ 42  90  36]
 [ 36  79  23]
 [ 59 123  52]]

Матрица 398:
[[106 144  88]
 [ 65  65  35]
 [120 112  66]]

Матрица 399:
[[102 110 127]
 [ 82  75  53]
 [ 52  60  78]]

Матрица 400:
[[ 46 133  75]
 [ 36 111  83]
 [ 23  68  43]]

Матрица 401:
[[ 54  25  66]
 [ 94  39 113]
 [ 60  23  66]]

Матрица 402:
[[105  89  75]
 [ 96  85  68]
 [162 135  78]]

Матрица 403:
[[112  71  38]
 [134  73  46]
 [ 58  33  22]]

Матрица 404:
[[105 150  99]
 [ 83  66  86]
 [ 49  75  67]]

Матрица 405:
[[ 86  56  55]
 [117  55  70]
 [170  87 103]]

Матрица 406:
[[ 97  61 100]
 [ 98  65  89]
 [108  63 117]]

Матрица 407:
[[ 29  30  99]
 [ 28  54 138]
 [ 34  47  70]]

Матрица 408:
[[69 87 63]
 [37 72 51]
 [38 69 48]]

Матрица 409:
[[81 74 75]
 [72 52 75]
 [26 29 40]]

Матрица 410:
[[ 69 127  85]
 [ 35 104  71]
 [ 32  79  84]]

Матрица 411:
[[ 78 114  98]
 [ 89  93  61]
 [118 118 110]]

Матрица 412:
[[81 36 61]
 [71 29 43]
 [56 32 56]]

Матрица 413:
[[79 66 28]
 [60 79 34]
 [62 74 31]]

Матрица 414:
[[ 60  49  48]
 [120  86  70]
 [ 52  44  25]]

Матрица 415:
[[85 65 92]
 [68 60 72]
 [67 39 72]]

Матрица 416:
[[ 84  42 102]
 [ 43  20  54]
 [ 70  30  94]]

Матрица 417:
[[141 111 128]
 [ 61  54  57]
 [ 95  81  92]]

Матрица 418:
[[69 19 36]
 [77 37 81]
 [79 38 84]]

Матрица 419:
[[ 77 109 105]
 [ 46  70  82]
 [ 39  71 103]]

Матрица 420:
[[ 72  85 124]
 [ 81  82  97]
 [ 44  53  64]]

Матрица 421:
[[ 67  65  48]
 [131 123  88]
 [106  84  56]]

Матрица 422:
[[183  69 102]
 [108  40  73]
 [ 71  25  32]]

Матрица 423:
[[ 51  48  79]
 [ 86  76  73]
 [102  84  83]]

Матрица 424:
[[ 72  60  45]
 [ 94 106  77]
 [ 95  66  37]]

Матрица 425:
[[ 53  82  45]
 [ 90 128  74]
 [ 66 106  58]]

Матрица 426:
[[ 60 124 108]
 [ 65 133 111]
 [ 47  83  71]]

Матрица 427:
[[ 39  22  30]
 [136  74  69]
 [124  72  61]]

Матрица 428:
[[ 92 119 103]
 [ 85 154 101]
 [132 153 144]]

Матрица 429:
[[ 56  76 107]
 [ 93 112 142]
 [ 46  60  86]]

Матрица 430:
[[13 29 35]
 [34 76 38]
 [28 66 44]]

Матрица 431:
[[ 54  24  36]
 [135  43  96]
 [ 72  34  48]]

Матрица 432:
[[ 44 108  69]
 [ 60  80  87]
 [ 19  54  26]]

Матрица 433:
[[ 83 102  68]
 [ 66  70  49]
 [103 117  76]]

Матрица 434:
[[34 32 22]
 [69 57 33]
 [93 66 39]]

Матрица 435:
[[ 23  27  21]
 [ 71 100  66]
 [ 47  55  62]]

Матрица 436:
[[ 84 113 120]
 [ 65  75  89]
 [ 58 104  76]]

Матрица 437:
[[43 69 48]
 [19 45 16]
 [49 70 50]]

Матрица 438:
[[124 100  48]
 [119  93  45]
 [ 84  96  59]]

Матрица 439:
[[88 89 66]
 [33 31 44]
 [43 40 70]]

Матрица 440:
[[ 16 123  74]
 [ 18 140  92]
 [ 22 161 100]]

Матрица 441:
[[ 52  83 107]
 [ 48  69 102]
 [ 66  87 139]]

Матрица 442:
[[146  74  79]
 [140  64  71]
 [120  61  59]]

Матрица 443:
[[ 49  40  65]
 [117  69 123]
 [ 94  20  70]]

Матрица 444:
[[112  40  88]
 [112  26  64]
 [162  74 108]]

Матрица 445:
[[ 81  25  90]
 [ 95  32 109]
 [100  32 107]]

Матрица 446:
[[ 45  85  32]
 [ 30  70  34]
 [ 57 123  86]]

Матрица 447:
[[ 81  78  45]
 [128 104  79]
 [123 114  52]]

Матрица 448:
[[ 45  43  35]
 [106  92  81]
 [ 66  58  60]]

Матрица 449:
[[33 39 21]
 [42 33 24]
 [85 89 50]]

Матрица 450:
[[127  42  68]
 [141  26  84]
 [ 58  24  48]]

Матрица 451:
[[128 145 150]
 [ 59  79  72]
 [ 74 100  90]]

Матрица 452:
[[ 41 141 129]
 [ 64 138 146]
 [ 40 135 114]]

Матрица 453:
[[70 44 60]
 [56 47 56]
 [71 51 71]]

Матрица 454:
[[ 80 102 102]
 [ 81  92  92]
 [ 98 115 115]]

Матрица 455:
[[136  86  43]
 [126  78  39]
 [119  78  39]]

Матрица 456:
[[50 49 45]
 [82 81 90]
 [53 53 53]]

Матрица 457:
[[ 39  11  34]
 [105  34  93]
 [ 63  24  57]]

Матрица 458:
[[43 55 50]
 [32 44 34]
 [59 79 64]]

Матрица 459:
[[124  58 106]
 [ 87  36  89]
 [ 91  34  81]]

Матрица 460:
[[ 64  22  92]
 [ 52  32  98]
 [ 72  24 102]]

Матрица 461:
[[ 82  48  84]
 [ 94  73 114]
 [130  81 138]]

Матрица 462:
[[ 61  74  69]
 [115 140 129]
 [126 162 142]]

Матрица 463:
[[ 80 106  89]
 [120 166 133]
 [ 76 112  83]]

Матрица 464:
[[81 87 99]
 [45 39 34]
 [70 68 58]]

Матрица 465:
[[ 84  58  70]
 [ 46  43  75]
 [ 79  62 107]]

Матрица 466:
[[ 39  50  31]
 [ 97 115  78]
 [ 65  61  26]]

Матрица 467:
[[17 55 94]
 [15 42 87]
 [13 46 61]]

Матрица 468:
[[189  90 225]
 [100  78 117]
 [ 91  27 113]]

Матрица 469:
[[ 72  58 108]
 [103 108 120]
 [ 50  80 127]]

Матрица 470:
[[ 36  81  60]
 [  9  39  26]
 [ 32 120  84]]

Матрица 471:
[[ 92 113  74]
 [ 79  97  70]
 [ 50  62  44]]

Матрица 472:
[[50 53 50]
 [74 76 66]
 [23 39 43]]

Матрица 473:
[[ 75  47  16]
 [160 136  40]
 [117  87  22]]

Матрица 474:
[[ 44 139 141]
 [ 50 143 123]
 [ 34 101  93]]

Матрица 475:
[[ 85  59  80]
 [112  96  90]
 [ 82  63  72]]

Матрица 476:
[[46 58 62]
 [72 91 79]
 [52 71 70]]

Матрица 477:
[[111  86 117]
 [ 50  95  91]
 [ 89  92 130]]

Матрица 478:
[[ 95  51  56]
 [108  50  75]
 [ 94  54  64]]

Матрица 479:
[[166 167 121]
 [ 99 105  69]
 [ 63  67  28]]

Матрица 483:
[[106  27  90]
 [114  31 108]
 [ 79  25  95]]

Матрица 481:
[[ 92  77  19]
 [100 141  36]
 [ 95  82  22]]

Матрица 485:
[[132 102 116]
 [ 67  42  65]
 [ 43  42  47]]

Матрица 486:
[[135  96 129]
 [106  71  99]
 [ 82  65  81]]

Матрица 484:
[[ 20  62  44]
 [ 48 122 110]
 [ 31  64  64]]

Матрица 482:
[[160 131  44]
 [ 72  51  35]
 [128 104  47]]

Матрица 489:
[[ 20  36  58]
 [ 45  55  60]
 [ 98 110 116]]

Матрица 487:
[[ 52  53  53]
 [124  61 116]
 [109  82  99]]

Матрица 488:
[[25 56 45]
 [84 80 53]
 [61 84 62]]

Матрица 492:
[[84 83 95]
 [72 60 82]
 [81 70 99]]

Матрица 490:
[[11 41 70]
 [14 48 91]
 [12 38 81]]

Матрица 491:
[[38 52 32]
 [30 44 26]
 [72 88 58]]

Матрица 495:
[[ 34  85  61]
 [ 37  73  58]
 [ 56 109  88]]

Матрица 493:
[[ 45  62  76]
 [ 51  85  96]
 [ 71  63 108]]

Матрица 494:
[[ 32  51 140]
 [ 27  40 126]
 [ 35  53 146]]

Матрица 498:
[[26 63 67]
 [53 69 41]
 [46 68 51]]

Матрица 496:
[[ 71  43  47]
 [166  97 102]
 [145  73  73]]

Матрица 497:
[[91 84 72]
 [54 77 44]
 [62 61 43]]

Матрица 480:
[[79 43 35]
 [59 68 60]
 [91 52 48]]

Матрица 499:
[[103 149  47]
 [ 89 119  34]
 [ 73  95  41]]

Матрица 500:
[[80 82 76]
 [82 64 57]
 [71 82 78]]

Матрица 501:
[[ 37 109  41]
 [ 87 151  79]
 [ 33  73  37]]

Матрица 502:
[[31 23 50]
 [57 65 74]
 [76 74 88]]

Матрица 503:
[[49 61 98]
 [66 69 92]
 [20 26 37]]

Матрица 504:
[[115 114 114]
 [ 52  72  79]
 [ 98 119 117]]

Матрица 505:
[[ 71 171  94]
 [ 63 157  84]
 [ 43  93  56]]

Матрица 506:
[[107 110  77]
 [107 110  77]
 [107 118  93]]

Матрица 507:
[[ 46  56  91]
 [ 66  80 123]
 [ 46  47  79]]

Матрица 508:
[[105  66 116]
 [ 59  32  35]
 [ 94  61 113]]

Матрица 509:
[[ 24  78  75]
 [ 84 140 168]
 [ 57 127 126]]

Матрица 510:
[[ 56 113 153]
 [ 69 114 165]
 [ 72 135 189]]

Матрица 511:
[[ 93  61 126]
 [ 76  74 143]
 [ 57  49  94]]

Матрица 512:
[[ 73  82 127]
 [ 60  66 104]
 [ 40  46  68]]

Матрица 513:
[[ 45 112  60]
 [ 28  92  47]
 [ 12  28  21]]

Матрица 514:
[[ 93 123  66]
 [ 99 137  65]
 [ 70  99  54]]

Матрица 515:
[[ 77 104 127]
 [ 52  88  86]
 [ 59 134 129]]

Матрица 516:
[[79 81 80]
 [43 61 55]
 [31 41 35]]

Матрица 517:
[[ 98 105  75]
 [ 95  97  94]
 [ 89  98  89]]

Матрица 518:
[[ 32 127 127]
 [ 19  66  79]
 [ 24 111  89]]

Матрица 519:
[[112 136 112]
 [102 118  99]
 [ 54  85  72]]

Матрица 520:
[[18 50 25]
 [34 95 42]
 [40 58 85]]

Матрица 521:
[[ 57  91 114]
 [ 36  52  62]
 [ 81 111 144]]

Матрица 522:
[[ 23  20  30]
 [ 95  76 116]
 [ 51  44  68]]

Матрица 523:
[[128  88  68]
 [169 119  87]
 [131 103  79]]

Матрица 524:
[[ 88 104  54]
 [125 146  73]
 [ 79  86  46]]

Матрица 525:
[[ 47  67  50]
 [ 78 117 108]
 [ 36  51  40]]

Матрица 526:
[[65 79 93]
 [16 22 22]
 [42 40 62]]

Матрица 527:
[[ 83  82  28]
 [ 64  64  38]
 [101  95  56]]

Матрица 528:
[[ 81  93  78]
 [106  88  51]
 [ 49  55  45]]

Матрица 529:
[[ 60  31  56]
 [101  47 117]
 [ 83  43  78]]

Матрица 530:
[[35 52 43]
 [38 68 66]
 [79 98 76]]

Матрица 531:
[[63 59 40]
 [80 75 41]
 [70 80 38]]

Матрица 532:
[[76 64 50]
 [41 41 25]
 [61 53 35]]

Матрица 533:
[[109 153 139]
 [ 71  97  92]
 [ 32  53  66]]

Матрица 534:
[[ 98 105 112]
 [ 52  80  83]
 [ 43  40  42]]

Матрица 535:
[[56 74 32]
 [40 47 43]
 [68 73 61]]

Матрица 536:
[[ 94  72  85]
 [124  42  79]
 [ 46  27  37]]

Матрица 537:
[[ 88 113 121]
 [ 78  97 125]
 [ 83  58  86]]

Матрица 538:
[[94 64 68]
 [64 64 50]
 [77 63 57]]

Матрица 539:
[[ 95  64  78]
 [140  74 108]
 [115  50  90]]

Матрица 540:
[[104  42  43]
 [176  90  57]
 [122  56  39]]

Матрица 541:
[[111  35  48]
 [141  72 126]
 [ 60  32  50]]

Матрица 542:
[[131  40 117]
 [102  29 104]
 [117  34 115]]

Матрица 543:
[[ 75  37  86]
 [148  47 153]
 [131  42 136]]

Матрица 544:
[[ 64  85  67]
 [ 61  79  54]
 [ 80 101  81]]

Матрица 545:
[[ 60  50  81]
 [ 65  66 107]
 [ 73  76 117]]

Матрица 546:
[[ 26  36  24]
 [ 79 102  62]
 [ 94 122  82]]

Матрица 547:
[[109 111 125]
 [ 65  81  82]
 [ 85 111 121]]

Матрица 548:
[[130 114 102]
 [ 93  82  89]
 [ 64  57  51]]

Матрица 549:
[[ 64  67  52]
 [165 113  85]
 [157  78  65]]

Матрица 550:
[[ 92  60  68]
 [ 47  40  32]
 [114  84  82]]

Матрица 551:
[[51 54 26]
 [82 69 43]
 [99 63 55]]

Матрица 552:
[[122 128  84]
 [ 73  82  49]
 [ 89  98  57]]

Матрица 553:
[[ 48  47  18]
 [138 133  68]
 [ 84  80  48]]

Матрица 554:
[[41 30 39]
 [89 66 66]
 [27 23 19]]

Матрица 555:
[[64 52 38]
 [57 91 36]
 [42 47 27]]

Матрица 556:
[[54 25 40]
 [60 26 48]
 [30 14 26]]

Матрица 557:
[[ 58 111  64]
 [ 25  63  68]
 [ 59  74  78]]

Матрица 558:
[[ 19  28  22]
 [ 82 110  94]
 [102 134 116]]

Матрица 559:
[[ 69  44  85]
 [ 16  15  28]
 [ 56  42 108]]

Матрица 560:
[[26 17 24]
 [47 41 35]
 [42 40 28]]

Матрица 564:
[[ 93  66  77]
 [126  89  74]
 [101  84  89]]

Матрица 562:
[[ 55  77  68]
 [ 55  57  90]
 [ 82  78 117]]

Матрица 563:
[[ 69  40  67]
 [ 45  37  58]
 [116  45  83]]

Матрица 561:
[[ 88  77  81]
 [102  89 110]
 [120 110 149]]

Матрица 565:
[[ 78  68  92]
 [ 37  45  65]
 [109  99 131]]

Матрица 566:
[[ 57  28  75]
 [ 81  43 109]
 [ 55  44  95]]

Матрица 567:
[[37 19 28]
 [74 58 86]
 [96 25 51]]

Матрица 568:
[[44 96 48]
 [30 62 33]
 [44 48 46]]

Матрица 569:
[[ 42  50  25]
 [ 40  96  42]
 [ 76 121  32]]

Матрица 570:
[[48 66 83]
 [72 58 92]
 [72 42 82]]

Матрица 571:
[[ 52 101 119]
 [ 69  83 121]
 [ 58  72 112]]

Матрица 572:
[[78 63 44]
 [60 54 53]
 [36 31 21]]

Матрица 573:
[[101  69 108]
 [ 65  25  58]
 [127  93 148]]

Матрица 574:
[[ 39 142  87]
 [ 50 103  54]
 [ 65 147  79]]

Матрица 575:
[[ 43  35  52]
 [121 110 101]
 [ 97  92  86]]

Матрица 576:
[[ 92  92 133]
 [ 46  54  78]
 [ 92 101 142]]

Матрица 577:
[[120 102  46]
 [ 45  33  29]
 [ 46  42  45]]

Матрица 578:
[[ 84 110  58]
 [ 58 117  63]
 [ 31  54  27]]

Матрица 579:
[[118  87 105]
 [ 96  64  77]
 [143 115 119]]

Матрица 580:
[[ 47 101  91]
 [ 28  40  35]
 [ 47  77  82]]

Матрица 581:
[[ 92  66 102]
 [112  80 127]
 [ 56  40  66]]

Матрица 582:
[[160 106 153]
 [120  44 103]
 [102  42  93]]

Матрица 583:
[[ 70  70  56]
 [135 127  76]
 [131 123  80]]

Матрица 584:
[[106  48  90]
 [116  28  74]
 [ 94  56  58]]

Матрица 585:
[[137  82  68]
 [100  62  46]
 [128  73  59]]

Матрица 586:
[[59 26 74]
 [72 29 83]
 [56 34 84]]

Матрица 587:
[[118  30  46]
 [118  30  37]
 [180  57 108]]

Матрица 588:
[[157 116  97]
 [112  78  81]
 [ 68  58  71]]

Матрица 589:
[[ 31  67 102]
 [ 33  65 101]
 [ 35  59  90]]

Матрица 590:
[[ 82 104  74]
 [ 33  42  36]
 [ 87 124  76]]

Матрица 591:
[[53 69 47]
 [72 44 43]
 [42 26 31]]

Матрица 592:
[[ 99 114 144]
 [ 74  49 102]
 [ 23  22  49]]

Матрица 593:
[[105  74  85]
 [164 120 132]
 [189 139 152]]

Матрица 594:
[[ 73  51  74]
 [ 73  55  80]
 [132  94 137]]

Матрица 595:
[[48 52 59]
 [44 95 85]
 [34 44 38]]

Матрица 596:
[[65 72 57]
 [43 48 43]
 [57 57 41]]

Матрица 597:
[[ 84  86  92]
 [127 122 101]
 [ 87  85  85]]

Матрица 598:
[[95 43 88]
 [90 41 90]
 [74 35 99]]

Матрица 599:
[[100  94  78]
 [ 85  58  33]
 [ 44  53  39]]

Матрица 600:
[[ 25  85  83]
 [ 40 161 127]
 [ 24  87  81]]

Матрица 601:
[[ 88 142  94]
 [ 96 150  96]
 [ 70  96  38]]

Матрица 602:
[[ 50  50  68]
 [ 72  56  59]
 [ 88  90 133]]

Матрица 603:
[[70 54 70]
 [39 70 83]
 [71 51 61]]

Матрица 604:
[[ 61  86  72]
 [ 50  74  78]
 [ 73 105 108]]

Матрица 605:
[[ 74  30  52]
 [113  46  61]
 [120  56  60]]

Матрица 606:
[[36 15 25]
 [84 50 90]
 [93 41 84]]

Матрица 607:
[[123  83 132]
 [ 92  29 101]
 [102  42 110]]

Матрица 608:
[[38 75 52]
 [17 24 35]
 [28 45 38]]

Матрица 609:
[[124 104 119]
 [152 124 108]
 [146 118  97]]

Матрица 610:
[[92 93 67]
 [82 66 98]
 [60 65 23]]

Матрица 611:
[[57 50 38]
 [43 57 41]
 [79 96 95]]

Матрица 612:
[[ 50 126  62]
 [ 42 108  57]
 [ 60 126  74]]

Матрица 613:
[[133  68  84]
 [ 97  56  64]
 [ 57  24  40]]

Матрица 614:
[[ 32  44  97]
 [ 36  84 113]
 [ 45  81 144]]

Матрица 615:
[[ 81  41 122]
 [ 78  30 108]
 [ 65  40 124]]

Матрица 616:
[[ 76 156 108]
 [ 49  84  65]
 [ 29  69  33]]

Матрица 617:
[[ 30  86  57]
 [ 27  75  51]
 [ 38 109  71]]

Матрица 618:
[[114 115  97]
 [ 81  76  70]
 [ 68  69  57]]

Матрица 619:
[[102  90 157]
 [ 47  66  85]
 [ 87  86 125]]

Матрица 620:
[[ 42  45  48]
 [ 99 104 107]
 [ 93 103 103]]

Матрица 621:
[[70 76 70]
 [92 89 96]
 [40 70 96]]

Матрица 622:
[[104 102 152]
 [ 62  60  91]
 [ 82  86 137]]

Матрица 623:
[[47 82 61]
 [39 84 42]
 [43 64 59]]

Матрица 624:
[[ 33  58  95]
 [ 28  18  38]
 [ 63  64 111]]

Матрица 625:
[[34 43 75]
 [55 73 99]
 [67 94 96]]

Матрица 626:
[[ 85  61  19]
 [ 97  63  45]
 [103  80  22]]

Матрица 627:
[[  5  19  35]
 [ 13  91  91]
 [ 16  88 104]]

Матрица 628:
[[ 44  68  49]
 [ 82 136 101]
 [ 52  70  86]]

Матрица 629:
[[ 21  59  45]
 [ 51 106  90]
 [ 44  73  78]]

Матрица 630:
[[48 61 47]
 [37 42 38]
 [47 47 59]]

Матрица 631:
[[186  90  51]
 [135  67  37]
 [171  91  54]]

Матрица 632:
[[ 43  65  24]
 [ 79 145  44]
 [ 77 141  42]]

Матрица 633:
[[ 30  23  53]
 [ 69  57 110]
 [ 53  46  77]]

Матрица 634:
[[ 80  63 103]
 [108 109 143]
 [105 110 139]]

Матрица 635:
[[ 80 120  75]
 [ 84 104  55]
 [ 51 104  73]]

Матрица 636:
[[59 70 53]
 [63 77 32]
 [26 51 21]]

Матрица 637:
[[58 83 52]
 [38 64 38]
 [47 76 65]]

Матрица 638:
[[ 71  95  41]
 [133 133  53]
 [174 170  67]]

Матрица 639:
[[ 60  23  62]
 [ 68  22  66]
 [152  60 158]]

Матрица 640:
[[140 100  92]
 [ 59  58  41]
 [ 93  54  63]]

Матрица 641:
[[101 133  77]
 [ 73  94  56]
 [ 72 100  60]]

Матрица 642:
[[146 134 136]
 [ 71  54  80]
 [ 85  75  97]]

Матрица 643:
[[127  84  86]
 [118  60  71]
 [155 116  98]]

Матрица 644:
[[ 84  45  80]
 [112  59  96]
 [100  77  61]]

Матрица 645:
[[134 103  88]
 [150 103  88]
 [ 92  78  64]]

Матрица 646:
[[109 110 113]
 [ 65  62  61]
 [ 76  65  59]]

Матрица 647:
[[ 90  89 102]
 [ 91 115 101]
 [ 90 110 102]]

Матрица 648:
[[105  84 129]
 [ 82  92 114]
 [ 85  57  92]]

Матрица 649:
[[104 107  90]
 [109 155  95]
 [106 109  96]]

Матрица 650:
[[112 114 115]
 [ 38  46  69]
 [ 72  77  86]]

Матрица 651:
[[37 21 42]
 [93 54 98]
 [54 28 45]]

Матрица 652:
[[100 120 114]
 [ 41  87  93]
 [ 85 135 111]]

Матрица 653:
[[ 40  44  22]
 [ 95 117  33]
 [ 69  85  26]]

Матрица 654:
[[ 47  77  50]
 [ 93 160 120]
 [ 59 121 110]]

Матрица 655:
[[ 71  91 117]
 [ 74  50  88]
 [ 97 128 164]]

Матрица 656:
[[ 48  50  40]
 [135 144 135]
 [138 145 142]]

Матрица 657:
[[ 80  62  81]
 [ 74  64  63]
 [135 107 131]]

Матрица 658:
[[ 44  70 100]
 [ 74 113 170]
 [ 43  73 106]]

Матрица 659:
[[ 82  97 122]
 [ 85  82 110]
 [104  92 125]]

Матрица 660:
[[ 87  32  92]
 [151  51 126]
 [120  42 107]]

Матрица 661:
[[44 92 19]
 [48 66 29]
 [69 89 42]]

Матрица 662:
[[33 68 43]
 [32 24 16]
 [79 74 69]]

Матрица 663:
[[100 139  62]
 [ 44  57  20]
 [ 43  64  20]]

Матрица 664:
[[39 60 67]
 [52 55 66]
 [35 50 69]]

Матрица 665:
[[ 47 113 102]
 [ 13  47  60]
 [ 53 111 110]]

Матрица 666:
[[ 70 107  52]
 [100 136  91]
 [ 70 107  63]]

Матрица 667:
[[124  89  69]
 [102  63  51]
 [ 72  39  35]]

Матрица 668:
[[ 99  78  75]
 [132  80 116]
 [127 122  83]]

Матрица 669:
[[ 91  78  83]
 [115  87 103]
 [113  96 107]]

Матрица 670:
[[76 67 64]
 [97 49 73]
 [93 54 51]]

Матрица 671:
[[126 102 123]
 [112 135 103]
 [ 76 123  67]]

Матрица 672:
[[28 63 80]
 [20 26 36]
 [22 69 82]]

Матрица 673:
[[ 36 109  74]
 [ 10  37  31]
 [ 28  74  33]]

Матрица 674:
[[113  63  93]
 [141 102  98]
 [ 87  69  71]]

Матрица 675:
[[ 63 129 105]
 [ 35  65  74]
 [ 36  98  85]]

Матрица 676:
[[ 75  80 117]
 [ 64  54  56]
 [ 67  52  69]]

Матрица 677:
[[ 60  59  61]
 [100  95 128]
 [ 47  23  36]]

Матрица 678:
[[ 62  85  70]
 [ 70  80  76]
 [ 70 107  90]]

Матрица 679:
[[ 42  47  28]
 [124 114 111]
 [ 46  49  35]]

Матрица 680:
[[101  58 120]
 [151  99 159]
 [149  98 174]]

Матрица 681:
[[ 52  69 134]
 [ 92  99 160]
 [ 58 120 163]]

Матрица 682:
[[20 87 82]
 [64 82 84]
 [43 44 70]]

Матрица 683:
[[ 23  26  64]
 [ 44  34  82]
 [ 67  47 101]]

Матрица 684:
[[ 74 104  88]
 [ 39  72  77]
 [ 17  24  20]]

Матрица 685:
[[ 28  83 114]
 [ 31  64  81]
 [ 32  65 124]]

Матрица 686:
[[ 56 111 111]
 [ 66 129 129]
 [ 56 165 165]]

Матрица 687:
[[ 54  51  35]
 [106  80  76]
 [130 108  90]]

Матрица 688:
[[129 103 130]
 [ 81  57  88]
 [117 107 114]]

Матрица 689:
[[106  77 111]
 [ 79  50  99]
 [129  85 126]]

Матрица 690:
[[ 91 105  45]
 [ 86  94  58]
 [ 69  61  67]]

Матрица 691:
[[52 67 50]
 [64 98 64]
 [57 79 56]]

Матрица 692:
[[112  84  29]
 [ 28  16  16]
 [134  94  46]]

Матрица 693:
[[27 19 19]
 [48 62 32]
 [54 57 42]]

Матрица 694:
[[146  91 102]
 [ 54  33  34]
 [128  78  96]]

Матрица 695:
[[ 88  66  28]
 [ 73  44  27]
 [134  92  46]]

Матрица 696:
[[ 41 105  77]
 [ 93 152 120]
 [ 95 124  96]]

Матрица 697:
[[ 54  72  43]
 [ 96 119  54]
 [ 25  37  25]]

Матрица 698:
[[112  52 110]
 [ 86  34  95]
 [ 58  24  72]]

Матрица 699:
[[63 96 84]
 [44 67 58]
 [61 96 79]]

Матрица 700:
[[82 46 84]
 [86 53 77]
 [24 15 38]]

Матрица 701:
[[106 128 118]
 [ 35  50  41]
 [ 64 112  81]]

Матрица 702:
[[ 74  47 102]
 [127  82  93]
 [ 62  38  78]]

Матрица 703:
[[97 69 77]
 [66 49 55]
 [80 74 83]]

Матрица 704:
[[ 52  78 129]
 [ 44  72  63]
 [ 32  50  99]]

Матрица 705:
[[ 25  18  27]
 [ 84  62 106]
 [ 49  34  50]]

Матрица 706:
[[ 77 156 145]
 [ 36  85  79]
 [ 56 106  96]]

Матрица 707:
[[ 65  89  49]
 [ 93 120  65]
 [ 74  69  44]]

Матрица 708:
[[119  45 105]
 [ 77  27  61]
 [102  46 114]]

Матрица 709:
[[ 26  49  68]
 [ 26  31  65]
 [ 48  72 122]]

Матрица 710:
[[138  84  84]
 [157  83  82]
 [147 104  96]]

Матрица 711:
[[147 147 189]
 [ 93  51 112]
 [ 37  35  45]]

Матрица 712:
[[ 88  64  48]
 [107  84  67]
 [ 52  44  47]]

Матрица 713:
[[ 34 142  43]
 [ 44 122  53]
 [ 43 102  45]]

Матрица 714:
[[ 75  95  54]
 [ 58  53  25]
 [138 174  93]]

Матрица 715:
[[59 51 63]
 [45 34 48]
 [62 32 90]]

Матрица 716:
[[ 73  49  35]
 [114  67  48]
 [109  90  35]]

Матрица 717:
[[ 93 130 116]
 [ 50  60  44]
 [ 52  72  64]]

Матрица 718:
[[42 68 72]
 [45 74 84]
 [39 62 60]]

Матрица 719:
[[ 21  78  80]
 [ 23  86 104]
 [ 45  77 102]]

Матрица 720:
[[ 72  65  81]
 [ 78  80  93]
 [126 125 153]]

Матрица 721:
[[40 28 11]
 [75 53 22]
 [62 46 26]]

Матрица 722:
[[107  62  79]
 [135  73 143]
 [113  63 121]]

Матрица 723:
[[ 86  65  49]
 [141 117  78]
 [ 86 111  37]]

Матрица 724:
[[44 76 48]
 [36 94 38]
 [13 26 17]]

Матрица 725:
[[106  70 106]
 [ 34  33  38]
 [ 99  92 111]]

Матрица 726:
[[121 101 105]
 [ 71  77  61]
 [ 59  49  40]]

Матрица 727:
[[24 89 49]
 [13 71 42]
 [11 61 32]]

Матрица 728:
[[ 36  69  58]
 [ 62 105 146]
 [ 24  58  44]]

Матрица 729:
[[58 46 47]
 [38 34 27]
 [74 88 63]]

Матрица 730:
[[ 19  64  24]
 [106 121  86]
 [ 44  73  46]]

Матрица 731:
[[ 54  66  70]
 [153 124 143]
 [149 116 135]]

Матрица 732:
[[ 62  90  44]
 [ 75 129  74]
 [101 175 102]]

Матрица 733:
[[ 34  65  92]
 [ 70  59 105]
 [ 90  87 109]]

Матрица 734:
[[52 39 21]
 [74 42 33]
 [89 59 37]]

Матрица 735:
[[156 135 125]
 [115  89 105]
 [ 61  64  46]]

Матрица 736:
[[135  57  62]
 [ 68  35  25]
 [ 86  38  36]]

Матрица 737:
[[128 168 144]
 [ 86 109  94]
 [ 60  74  64]]

Матрица 738:
[[175  91 154]
 [ 68  36  57]
 [157  81 141]]

Матрица 739:
[[ 60  56  61]
 [ 52  47  59]
 [ 84 100 104]]

Матрица 740:
[[125 107 119]
 [ 70  62  70]
 [ 29  23  28]]

Матрица 741:
[[42 82 75]
 [94 84 77]
 [79 83 60]]

Матрица 742:
[[ 72  85  87]
 [ 99  76 109]
 [ 73  80  83]]

Матрица 743:
[[ 86  27  66]
 [129  38  86]
 [ 81  25  61]]

Матрица 744:
[[ 33  19 106]
 [ 61  24  67]
 [ 78  34 126]]

Матрица 745:
[[86 54 75]
 [61 26 37]
 [35 30 41]]

Матрица 746:
[[54 82 65]
 [56 82 63]
 [64 84 70]]

Матрица 747:
[[ 42  51  65]
 [ 37  48  83]
 [ 71  84 111]]

Матрица 748:
[[ 94  87 117]
 [ 29  29  39]
 [ 91  93 119]]

Матрица 749:
[[102 130 106]
 [ 32  48  52]
 [ 56  63  52]]

Матрица 750:
[[111  51  24]
 [ 87  33  20]
 [ 73  34  25]]

Матрица 751:
[[ 72 123  59]
 [ 63 111  64]
 [ 71 102  87]]

Матрица 752:
[[ 40 110 103]
 [ 40 113 100]
 [ 23  72  50]]

Матрица 753:
[[119  99  99]
 [150 123 134]
 [ 68  51  44]]

Матрица 754:
[[23 56 49]
 [82 65 66]
 [72 76 76]]

Матрица 755:
[[ 86  28  76]
 [145  93 122]
 [127  82  83]]

Матрица 756:
[[43 21 69]
 [51 18 42]
 [54 21 39]]

Матрица 757:
[[ 25  62  54]
 [ 30  81  57]
 [ 35 109  72]]

Матрица 761:
[[81 37 67]
 [57 23 40]
 [67 33 47]]

Матрица 759:
[[ 78  54  23]
 [ 76  62  27]
 [146 102  43]]

Матрица 760:
[[63 45 83]
 [79 50 76]
 [92 59 98]]

Матрица 764:
[[69 34 65]
 [48 30 58]
 [81 23 69]]

Матрица 762:
[[ 35  69 124]
 [ 11  21  40]
 [ 21  30  93]]

Матрица 763:
[[111 144 177]
 [ 84 126 138]
 [ 50  98 115]]

Матрица 767:
[[131  94  91]
 [124  78 128]
 [102  55  57]]

Матрица 765:
[[172 190 128]
 [124 137  93]
 [156 170 120]]

Матрица 766:
[[69 57 47]
 [87 42 53]
 [94 57 50]]

Матрица 770:
[[ 74  72  56]
 [101 123 104]
 [ 34  50  42]]

Матрица 771:
[[ 39 104  43]
 [ 92 176  61]
 [ 48 104  40]]

Матрица 769:
[[103  93  61]
 [103 122  83]
 [ 64  91  66]]

Матрица 773:
[[112 145 114]
 [ 83  95  78]
 [ 80 105  76]]

Матрица 768:
[[ 42  13  15]
 [154  51  91]
 [ 63  19  18]]

Матрица 772:
[[ 29  90 107]
 [ 61 102 105]
 [ 29  98  95]]

Матрица 776:
[[ 77  63  38]
 [122 104  64]
 [ 35  29  19]]

Матрица 774:
[[ 23  24  71]
 [ 34  38  72]
 [ 49  58 132]]

Матрица 775:
[[ 61  72 104]
 [ 80  72 100]
 [111 105 156]]

Матрица 758:
[[77 85 57]
 [70 93 62]
 [46 71 90]]

Матрица 777:
[[ 74  60 128]
 [ 79  66 127]
 [104  91 149]]

Матрица 778:
[[120  84  93]
 [ 70  61  63]
 [ 94  65  73]]

Матрица 779:
[[115  96 102]
 [ 58  57  44]
 [103  75 110]]

Матрица 780:
[[53 69 74]
 [52 84 95]
 [45 65 72]]

Матрица 781:
[[ 69  40 138]
 [ 45  52 106]
 [ 93  67 172]]

Матрица 782:
[[109 101  77]
 [122 116 112]
 [ 97  95 115]]

Матрица 783:
[[ 53  97 133]
 [ 81  83 115]
 [ 59  97 133]]

Матрица 784:
[[104 130  89]
 [ 55  97  87]
 [ 87 127  94]]

Матрица 785:
[[109 169 110]
 [ 83 101  38]
 [ 67 118  88]]

Матрица 786:
[[ 57 100  85]
 [ 14  21  30]
 [ 57  80  98]]

Матрица 787:
[[ 50  70  65]
 [ 72  41  68]
 [107  73  92]]

Матрица 788:
[[ 98  25  63]
 [ 77  15  38]
 [ 96  53 101]]

Матрица 789:
[[51 90 72]
 [71 76 59]
 [67 71 63]]

Матрица 790:
[[114  40 139]
 [117  35 140]
 [ 96  35 110]]

Матрица 791:
[[ 69 115  65]
 [ 84  94  59]
 [ 94 124  76]]

Матрица 792:
[[17 40 33]
 [54 76 72]
 [44 47 66]]

Матрица 793:
[[146 114 186]
 [148 120 175]
 [156 132 163]]

Матрица 794:
[[ 51  71 105]
 [ 64 120 139]
 [ 45  65  87]]

Матрица 795:
[[ 47  59 129]
 [ 54  71 130]
 [ 29  37  87]]

Матрица 796:
[[ 48  48  90]
 [ 42  61  97]
 [ 68  70 130]]

Матрица 797:
[[74 51 62]
 [63 54 56]
 [54 35 46]]

Матрица 798:
[[100  25  89]
 [ 75  20  64]
 [166  42 148]]

Матрица 799:
[[52 66 78]
 [47 60 88]
 [62 82 79]]

Матрица 800:
[[ 77 129  83]
 [102 124 111]
 [ 99 115 119]]

Матрица 801:
[[ 91  86  78]
 [115 106  96]
 [104 111  99]]

Матрица 802:
[[55 58 54]
 [55 47 41]
 [59 80 51]]

Матрица 803:
[[95 55 59]
 [95 55 59]
 [49 20 34]]

Матрица 804:
[[116  50  84]
 [123  35  97]
 [ 72  38  54]]

Матрица 805:
[[ 48  36  56]
 [ 84  82 112]
 [ 85  67 107]]

Матрица 806:
[[ 27  20  18]
 [107  77  59]
 [112  77  45]]

Матрица 807:
[[ 34  29  23]
 [102  59  72]
 [ 92  86  55]]

Матрица 808:
[[ 64  86  76]
 [140 144 140]
 [ 92 103 101]]

Матрица 809:
[[ 86 110  31]
 [ 84  96  22]
 [ 69 105  39]]

Матрица 810:
[[ 80  30  82]
 [ 90  37  83]
 [109  36  94]]

Матрица 811:
[[ 93  87 111]
 [103  92 136]
 [101  90 134]]

Матрица 812:
[[ 94 154 112]
 [ 58  97  66]
 [ 31  40  35]]

Матрица 813:
[[29 54 76]
 [33 56 86]
 [33 91 85]]

Матрица 814:
[[ 62  70  46]
 [131 163 109]
 [138 168 111]]

Матрица 815:
[[150 145 111]
 [ 76  78  62]
 [148 148  98]]

Матрица 816:
[[ 91  80  32]
 [112  75  79]
 [ 99  65  73]]

Матрица 817:
[[ 36  60  40]
 [ 85 118 114]
 [ 39  46  45]]

Матрица 818:
[[80 89 63]
 [87 98 71]
 [70 63 45]]

Матрица 819:
[[ 73 124 100]
 [ 59 101  72]
 [ 56  95  72]]

Матрица 820:
[[ 84  99  89]
 [109 144 125]
 [ 61  99  56]]

Матрица 821:
[[ 80  98  70]
 [ 42  69  31]
 [ 95 113  58]]

Матрица 822:
[[28 24 23]
 [70 58 58]
 [42 66 71]]

Матрица 823:
[[59 32 57]
 [71 42 76]
 [61 30 50]]

Матрица 824:
[[ 54 136 179]
 [ 46 115 156]
 [ 52 108 163]]

Матрица 825:
[[ 80 112  64]
 [ 72 120  55]
 [ 52  80  39]]

Матрица 826:
[[ 33 147  75]
 [ 16  49  35]
 [ 33 105  74]]

Матрица 827:
[[ 84 126 119]
 [ 66 105  79]
 [ 56  82  83]]

Матрица 828:
[[49 33 46]
 [54 54 81]
 [45 45 45]]

Матрица 829:
[[ 49  44  44]
 [ 59  77  50]
 [101  67  89]]

Матрица 830:
[[ 58  96  81]
 [ 97 126 129]
 [ 95 130 134]]

Матрица 831:
[[ 43  40  39]
 [ 71  69  80]
 [135 127  92]]

Матрица 832:
[[ 84  72  91]
 [128  86 148]
 [ 88  60  80]]

Матрица 833:
[[ 35  71  28]
 [ 38  74  41]
 [ 55 115  47]]

Матрица 834:
[[137 136  67]
 [101 109  57]
 [ 61  58  29]]

Матрица 835:
[[ 54  55 140]
 [ 44  42 112]
 [ 25  23  63]]

Матрица 836:
[[79 55 91]
 [81 99 99]
 [85 85 71]]

Матрица 837:
[[89 92 54]
 [83 82 50]
 [62 45 46]]

Матрица 838:
[[ 54  34  52]
 [124  95 110]
 [ 62  54  52]]

Матрица 839:
[[ 61  67 130]
 [ 80  63 159]
 [ 73  66 149]]

Матрица 840:
[[ 37  63  40]
 [ 32  54  34]
 [ 80 135  83]]

Матрица 841:
[[109 142 136]
 [ 61  70  65]
 [102 128 122]]

Матрица 842:
[[ 80  82  60]
 [100 100  87]
 [144 126 126]]

Матрица 843:
[[ 48 109  98]
 [ 15  35  31]
 [ 47 103  95]]

Матрица 844:
[[138 120 109]
 [135 135 103]
 [ 43  57  30]]

Матрица 845:
[[56 28 16]
 [67 31 22]
 [67 23 20]]

Матрица 846:
[[ 13  41  15]
 [ 38 102  46]
 [ 54  97  65]]

Матрица 847:
[[ 68  58  92]
 [ 66  60 119]
 [ 44  39  46]]

Матрица 848:
[[ 62  57  95]
 [ 73  71 108]
 [ 78  54 110]]

Матрица 849:
[[ 69  48 111]
 [ 74  62 105]
 [119 104 189]]

Матрица 850:
[[85 36 56]
 [61 84 86]
 [99 99 96]]

Матрица 851:
[[27 46 26]
 [46 76 76]
 [69 78 78]]

Матрица 852:
[[133 133 154]
 [ 67  61  52]
 [ 66  71  91]]

Матрица 853:
[[85 84 60]
 [72 74 68]
 [69 66 76]]

Матрица 854:
[[105  80  86]
 [ 80  63  70]
 [ 28  25  21]]

Матрица 855:
[[ 69  92  60]
 [ 66  54  32]
 [102 119  76]]

Матрица 856:
[[ 31  13  25]
 [194 100 146]
 [125  45  70]]

Матрица 857:
[[82 65 70]
 [43 43 37]
 [60 59 60]]

Матрица 858:
[[ 58  34  80]
 [106  58 131]
 [ 85  45 106]]

Матрица 859:
[[ 30 145  88]
 [ 17  88  67]
 [ 25 129 103]]

Матрица 860:
[[ 96 101  90]
 [117 108  95]
 [147 134 117]]

Матрица 861:
[[ 83  38  65]
 [157  60  95]
 [ 72  17  26]]

Матрица 862:
[[ 49  56  70]
 [ 72  76  76]
 [104 104  88]]

Матрица 863:
[[ 61  31  54]
 [ 93  47  86]
 [107  48  69]]

Матрица 864:
[[ 72  79 104]
 [ 97 120 138]
 [ 37  37  52]]

Матрица 865:
[[ 84  54 117]
 [ 63  55  99]
 [ 31  44  63]]

Матрица 866:
[[162 225  92]
 [ 87 126  34]
 [ 87 126  34]]

Матрица 867:
[[110  83  94]
 [132  64  53]
 [ 98  51  47]]

Матрица 868:
[[123  88 110]
 [ 87  40  54]
 [132  78  68]]

Матрица 869:
[[ 39  43  36]
 [ 59  67  60]
 [ 93 119  80]]

Матрица 870:
[[ 98  49 113]
 [106  27  64]
 [ 66  33  41]]

Матрица 871:
[[125 113 147]
 [117 123 157]
 [113  95 131]]

Матрица 872:
[[81 82 66]
 [71 80 68]
 [32 30 32]]

Матрица 873:
[[38 64 84]
 [40 59 55]
 [34 46 40]]

Матрица 874:
[[82 76 78]
 [70 61 68]
 [59 44 59]]

Матрица 875:
[[167 186 120]
 [114 102  84]
 [123 129 110]]

Матрица 876:
[[ 30  70  87]
 [ 44 113 145]
 [ 15  41  52]]

Матрица 877:
[[123  86 117]
 [ 64  47  63]
 [ 91 128 127]]

Матрица 878:
[[26 27 41]
 [48 41 59]
 [50 40 56]]

Матрица 879:
[[ 32 100  68]
 [ 19  72  51]
 [ 35 149 112]]

Матрица 880:
[[56 49 29]
 [40 33 33]
 [82 67 73]]

Матрица 881:
[[ 27  37  55]
 [ 65  89 108]
 [ 68 109 117]]

Матрица 882:
[[117  45 109]
 [ 48  35  41]
 [ 84  55  77]]

Матрица 883:
[[60 58 66]
 [58 56 62]
 [84 70 85]]

Матрица 887:
[[ 48  42  67]
 [126  95  51]
 [111  91  93]]

Матрица 885:
[[68 48 68]
 [92 48 56]
 [79 67 88]]

Матрица 886:
[[134 103 125]
 [ 85  60  75]
 [109  96  93]]

Матрица 884:
[[37 71 83]
 [62 85 96]
 [58 65 72]]

Матрица 888:
[[43 92 47]
 [15 41 22]
 [29 82 43]]

Матрица 889:
[[ 92  35  76]
 [ 47  31  36]
 [108  73  87]]

Матрица 890:
[[118 182 130]
 [ 86 139 104]
 [ 65 112  89]]

Матрица 891:
[[52 45 60]
 [60 46 76]
 [43 34 54]]

Матрица 892:
[[100  69  91]
 [ 30  32  23]
 [ 35  38  35]]

Матрица 893:
[[ 36  96  66]
 [ 63 168 128]
 [ 58 128 118]]

Матрица 894:
[[ 44 112  36]
 [ 42 113  27]
 [ 53 161  45]]

Матрица 895:
[[ 57  66 112]
 [ 72  75 116]
 [ 29  32  64]]

Матрица 896:
[[ 40  70 107]
 [ 57 102 124]
 [ 53  93 116]]

Матрица 897:
[[ 96  98  98]
 [101 113  93]
 [100 110 106]]

Матрица 901:
[[ 34  62  54]
 [ 51 103  97]
 [ 38  51  38]]

Матрица 899:
[[ 75 124  61]
 [ 63  94  49]
 [ 80 133  64]]

Матрица 900:
[[ 64  56  70]
 [120  80  92]
 [ 83  71  93]]

Матрица 898:
[[ 90 110  38]
 [107 114  50]
 [122 131  66]]

Матрица 905:
[[ 95  55  67]
 [103  65  68]
 [ 97  71  68]]

Матрица 903:
[[129 132 113]
 [160 152 120]
 [126 120  91]]

Матрица 904:
[[ 63  98 133]
 [ 33  67  59]
 [ 53  90 104]]

Матрица 902:
[[74 55 62]
 [80 52 78]
 [63 44 41]]

Матрица 906:
[[ 60  66  65]
 [ 71  58 109]
 [ 52  44  82]]

Матрица 907:
[[ 34  55  58]
 [ 40  52  88]
 [ 71  41 107]]

Матрица 908:
[[ 44  46  31]
 [118 127  78]
 [113 121  76]]

Матрица 909:
[[ 59  21  83]
 [ 65  19  73]
 [ 96  29 112]]

Матрица 910:
[[ 75 130  99]
 [ 78 145  87]
 [ 56  95  74]]

Матрица 911:
[[48 89 38]
 [70 76 56]
 [66 99 48]]

Матрица 912:
[[ 62  60  77]
 [100  87 123]
 [136 141 171]]

Матрица 913:
[[ 48  55  56]
 [153 185 183]
 [ 84  61  71]]

Матрица 914:
[[45 69 32]
 [53 36 22]
 [50 87 46]]

Матрица 915:
[[ 24  63  69]
 [ 30  96 109]
 [ 21  60  67]]

Матрица 916:
[[ 62  30  47]
 [108 100  88]
 [ 83  63  47]]

Матрица 917:
[[83 31 58]
 [83 36 66]
 [74 27 50]]

Матрица 918:
[[ 24  52  26]
 [ 52 136  92]
 [ 42 119  67]]

Матрица 919:
[[56 58 51]
 [82 97 68]
 [46 49 47]]

Матрица 920:
[[ 68  74  44]
 [ 95 115  74]
 [ 54  67  43]]

Матрица 921:
[[111 114 128]
 [ 43  74  50]
 [ 88  48  63]]

Матрица 922:
[[ 32 110  94]
 [ 56  98  93]
 [ 57 100  89]]

Матрица 923:
[[ 52  68  40]
 [109  89  73]
 [ 47  53  31]]

Матрица 924:
[[ 88  79  96]
 [ 72  38  79]
 [ 48 122  91]]

Матрица 925:
[[ 51  39  45]
 [152 113 124]
 [ 57  42  45]]

Матрица 926:
[[94 47 45]
 [90 35 41]
 [90 51 45]]

Матрица 927:
[[ 97  96 138]
 [114 122 150]
 [ 77  48 138]]

Матрица 928:
[[135 117  58]
 [ 97  65  38]
 [ 29  43  14]]

Матрица 929:
[[ 57  88  40]
 [ 66  92  36]
 [111 132  53]]

Матрица 930:
[[ 72  51  90]
 [112  73 134]
 [ 78  73 101]]

Матрица 931:
[[103  94 114]
 [ 68  47  76]
 [ 50  53  60]]

Матрица 932:
[[109  58 116]
 [105  53 109]
 [ 68  52  89]]

Матрица 933:
[[47 41 55]
 [19 31 32]
 [41 59 66]]

Матрица 934:
[[ 73  47  72]
 [105  75 120]
 [ 61  49  94]]

Матрица 935:
[[48 30 25]
 [89 85 55]
 [89 64 46]]

Матрица 936:
[[ 45  74  31]
 [ 36  64  29]
 [ 81 123  66]]

Матрица 937:
[[46 50 56]
 [70 58 68]
 [81 85 47]]

Матрица 938:
[[115 164 102]
 [ 88 116  75]
 [ 20  61  27]]

Матрица 939:
[[ 81  42  31]
 [ 64  47  16]
 [123  74  45]]

Матрица 940:
[[126  90 114]
 [ 60  38  54]
 [140 121 128]]

Матрица 941:
[[125  62  90]
 [ 50  38  51]
 [133  82 114]]

Матрица 942:
[[109 107 126]
 [ 98  97 118]
 [ 68  61  64]]

Матрица 943:
[[ 88 101 126]
 [ 94  95 132]
 [ 48  45  66]]

Матрица 944:
[[ 91  93  58]
 [ 90  90  61]
 [113 102  75]]

Матрица 945:
[[101 104 128]
 [ 57  56  72]
 [ 20  19  26]]

Матрица 946:
[[51 63 69]
 [41 33 49]
 [64 60 74]]

Матрица 947:
[[ 94  66  90]
 [136  77  86]
 [ 64  45  42]]

Матрица 948:
[[99 51 85]
 [59 30 54]
 [72 47 61]]

Матрица 949:
[[22 21 61]
 [23 21 43]
 [51 48 78]]

Матрица 950:
[[144  36 144]
 [ 46  15  67]
 [ 95  26 105]]

Матрица 951:
[[65 89 27]
 [46 75 27]
 [83 95 46]]

Матрица 952:
[[122  91  67]
 [ 42  40  23]
 [119  99  66]]

Матрица 953:
[[58 99 87]
 [80 96 92]
 [34 32 31]]

Матрица 954:
[[49 50 35]
 [46 80 35]
 [54 66 57]]

Матрица 955:
[[26 65 31]
 [52 69 64]
 [63 32 80]]

Матрица 956:
[[ 62 110 102]
 [ 70 108  98]
 [ 43  78  73]]

Матрица 957:
[[ 28  51  82]
 [ 18  44  70]
 [ 44  74 122]]

Матрица 958:
[[54 72 87]
 [42 38 46]
 [24 26 27]]

Матрица 959:
[[ 90  25 101]
 [ 75  32  79]
 [ 51  20  31]]

Матрица 960:
[[ 60  90  38]
 [ 91 139  58]
 [ 92  98  54]]

Матрица 961:
[[57 68 51]
 [86 71 62]
 [94 83 70]]

Матрица 962:
[[111  45  74]
 [111  73  54]
 [137  88  67]]

Матрица 963:
[[ 95 109 107]
 [ 62  76  94]
 [ 68  84 100]]

Матрица 964:
[[ 39  63  88]
 [ 48  72 112]
 [ 40  58  94]]

Матрица 965:
[[ 83  77  84]
 [ 90  77 116]
 [119  92  97]]

Матрица 966:
[[ 46  35  41]
 [114  89 103]
 [ 55  50  50]]

Матрица 967:
[[124  54 115]
 [129  52 118]
 [133  60 124]]

Матрица 968:
[[ 64 137  96]
 [ 54 106  73]
 [ 60  99  68]]

Матрица 969:
[[ 12  36  14]
 [ 28 100  37]
 [ 36 126  45]]

Матрица 970:
[[131  58  77]
 [ 97  76  86]
 [122  91 100]]

Матрица 971:
[[ 57  24  57]
 [116  58 104]
 [ 31  10  35]]

Матрица 972:
[[57 29 69]
 [31 18 35]
 [68 57 88]]

Матрица 973:
[[144 120 100]
 [ 93  75  93]
 [150 124 120]]

Матрица 974:
[[120  72 102]
 [ 76  74  39]
 [ 56  48  38]]

Матрица 975:
[[ 76  70  35]
 [ 74 119  88]
 [ 80 111  42]]

Матрица 976:
[[ 59  39  54]
 [127  82 115]
 [119  77 107]]

Матрица 977:
[[ 67 103  53]
 [ 64  72  86]
 [ 36  52  68]]

Матрица 978:
[[ 52  32  91]
 [ 94 107  98]
 [ 78 103  62]]

Матрица 979:
[[  8  53  30]
 [ 13  86  66]
 [ 21 133  87]]

Матрица 980:
[[ 53 113 106]
 [ 19  69  78]
 [ 55  94  74]]

Матрица 981:
[[ 80  88 140]
 [ 44  58  74]
 [ 70 101 115]]

Матрица 982:
[[ 64  69  76]
 [ 76 105  77]
 [ 38  75  40]]

Матрица 983:
[[118 135  83]
 [114 144 102]
 [ 67  84  75]]

Матрица 984:
[[135  97  66]
 [122  89  77]
 [159 121  84]]

Матрица 985:
[[ 70  46  58]
 [142  94 106]
 [ 85  58  73]]

Матрица 986:
[[ 94  87  57]
 [167 117  74]
 [136 105  63]]

Матрица 987:
[[ 74  78  43]
 [102  90  52]
 [ 89  49  36]]

Матрица 988:
[[124  27 134]
 [ 91  22  95]
 [ 67  27  65]]

Матрица 989:
[[ 83  94  93]
 [140 106 123]
 [ 91  86  60]]

Матрица 990:
[[55 52 37]
 [18 26 12]
 [39 36 27]]

Матрица 991:
[[125  59  67]
 [148  67  76]
 [135  64  71]]

Матрица 992:
[[105 118 128]
 [ 70 116 110]
 [ 72  97  88]]

Матрица 993:
[[ 55  88 107]
 [ 57  85  90]
 [ 75  65  75]]

Матрица 994:
[[77 83 83]
 [60 90 97]
 [82 73 61]]

Матрица 995:
[[ 91  75  39]
 [ 81  67 115]
 [125 112 106]]

Матрица 996:
[[114  94  80]
 [ 68  70  85]
 [ 98 104  99]]

Матрица 997:
[[ 91  78  47]
 [122 106  64]
 [129 110  67]]

Матрица 998:
[[151 100 159]
 [130  87 137]
 [113  66 117]]

Матрица 999:
[[68 36 60]
 [66 38 57]
 [41 37 37]]

